thread: 1 size:100
9144.006000 5975.446000 5625.193000 7034.920000 
avg:6944.89125000000000000000

thread: 2 size:100
7109.045000 6584.568000 7030.229000 7771.336000 
avg:7123.79450000000000000000

thread: 4 size:100
8998.285000 7621.460000 9673.764000 7324.436000 
avg:8404.48625000000000000000

thread: 8 size:100
9579.148000 7705.313000 9667.481000 8467.974000 
avg:8854.97900000000000000000

