thread: 1 size:100
10052.673000 6430.942000 8387.762000 6108.683000 
avg:7745.01500000000000000000

thread: 2 size:100
9126.000000 5962.788000 10195.136000 6937.024000 
avg:8055.23700000000000000000

thread: 4 size:100
10762.705000 8654.546000 8927.538000 8283.955000 
avg:9157.18600000000000000000

thread: 8 size:100
9131.452000 8595.039000 9012.477000 10287.266000 
avg:9256.55850000000000000000

