thread: 1 size:100
11 12 12 12 
avg:11.75000000000000000000

thread: 2 size:100
115 360 329 248 
avg:263.00000000000000000000

thread: 4 size:100
253 482 443 373 
avg:387.75000000000000000000

thread: 8 size:100
543 5327 555 512 
avg:1734.25000000000000000000

